LeGainId  AGC   Target 	  H1 	  H2 	  H3 	  H4 	  H5 	  H6 	 CdrPhase 	|| AGCV 	TargetV  H1V 		 H2V 		 H3V 		 H4V 		 H5V 		 H6V 
  0 	  10 	  27 	  0 	   0 	  0 	   0 	  0 	   0 	  0 

  0 	  10 	  27 	  0 	   0 	  0 	   0 	  0 	   0 	 -2 		|| 1.076 	0.141 	 0.000000 	0.000000 	 0.000000 	0.000000 	 0.000000 	0.000000 
  1 	  10 	  27 	  0 	   0 	  0 	   0 	  0 	   0 	 -3 		|| 1.076 	0.141 	 0.000000 	0.000000 	 0.000000 	0.000000 	 0.000000 	0.000000 
  3 	  10 	  27 	  1 	   0 	  0 	   0 	  0 	   0 	 -7 		|| 1.076 	0.141 	 0.004000 	0.000000 	 0.000000 	0.000000 	 0.000000 	0.000000 
  5 	  10 	  27 	  1 	   0 	  0 	   0 	  0 	   0 	-10 		|| 1.076 	0.141 	 0.004000 	0.000000 	 0.000000 	0.000000 	 0.000000 	0.000000 
  6 	  10 	  28 	  2 	   0 	  0 	   0 	  0 	   0 	-14 		|| 1.076 	0.144 	 0.008000 	0.000000 	 0.000000 	0.000000 	 0.000000 	0.000000 
  6 	  10 	  29 	  2 	   0 	  0 	   0 	  0 	   0 	-12 		|| 1.076 	0.147 	 0.008000 	0.000000 	 0.000000 	0.000000 	 0.000000 	0.000000 
  7 	  10 	  29 	  2 	   0 	  0 	   0 	  0 	   0 	-10 		|| 1.076 	0.147 	 0.008000 	0.000000 	 0.000000 	0.000000 	 0.000000 	0.000000 
  7 	  10 	  30 	  2 	   1 	  0 	   0 	  0 	   0 	-13 		|| 1.076 	0.150 	 0.008000 	0.004500 	 0.000000 	0.000000 	 0.000000 	0.000000 
  8 	  10 	  31 	  3 	   1 	  1 	   0 	  0 	   0 	-19 		|| 1.076 	0.153 	 0.012000 	0.004500 	 0.004000 	0.000000 	 0.000000 	0.000000 
  8 	  10 	  32 	  3 	   1 	  1 	   0 	  0 	   0 	-10 		|| 1.076 	0.156 	 0.012000 	0.004500 	 0.004000 	0.000000 	 0.000000 	0.000000 
  8 	  10 	  33 	  3 	   1 	  1 	   0 	  0 	   0 	-13 		|| 1.076 	0.159 	 0.012000 	0.004500 	 0.004000 	0.000000 	 0.000000 	0.000000 
  9 	   9 	  27 	  3 	   1 	  1 	   0 	  0 	   0 	-20 		|| 0.958 	0.141 	 0.012000 	0.004500 	 0.004000 	0.000000 	 0.000000 	0.000000 
  9 	   9 	  27 	  3 	   1 	  1 	   0 	  0 	   0 	-10 		|| 0.958 	0.141 	 0.012000 	0.004500 	 0.004000 	0.000000 	 0.000000 	0.000000 
 10 	   9 	  28 	  3 	   1 	  1 	   0 	  0 	   0 	-15 		|| 0.958 	0.144 	 0.012000 	0.004500 	 0.004000 	0.000000 	 0.000000 	0.000000 
 10 	   9 	  29 	  3 	   1 	  1 	   0 	  0 	   0 	-20 		|| 0.958 	0.147 	 0.012000 	0.004500 	 0.004000 	0.000000 	 0.000000 	0.000000 
 10 	   9 	  30 	  4 	   1 	  2 	   0 	  0 	   0 	-11 		|| 0.958 	0.150 	 0.016000 	0.004500 	 0.008000 	0.000000 	 0.000000 	0.000000 
 11 	   9 	  31 	  4 	   1 	  2 	   0 	  0 	   0 	-21 		|| 0.958 	0.153 	 0.016000 	0.004500 	 0.008000 	0.000000 	 0.000000 	0.000000 
 11 	   9 	  32 	  4 	   1 	  2 	   0 	  0 	   0 	-16 		|| 0.958 	0.156 	 0.016000 	0.004500 	 0.008000 	0.000000 	 0.000000 	0.000000 
 11 	   9 	  32 	  4 	   1 	  2 	   0 	  0 	   0 	-19 		|| 0.958 	0.156 	 0.016000 	0.004500 	 0.008000 	0.000000 	 0.000000 	0.000000 
 10 	   9 	  33 	  4 	   1 	  2 	   0 	  0 	   0 	-16 		|| 0.958 	0.159 	 0.016000 	0.004500 	 0.008000 	0.000000 	 0.000000 	0.000000 
 11 	   8 	  27 	  4 	   1 	  2 	   1 	  0 	   0 	-16 		|| 0.850 	0.141 	 0.016000 	0.004500 	 0.008000 	0.004000 	 0.000000 	0.000000 
 11 	   8 	  28 	  4 	   1 	  2 	   1 	  1 	   0 	-21 		|| 0.850 	0.144 	 0.016000 	0.004500 	 0.008000 	0.004000 	 0.003000 	0.000000 
 11 	   8 	  29 	  4 	   1 	  2 	   1 	  1 	   0 	-18 		|| 0.850 	0.147 	 0.016000 	0.004500 	 0.008000 	0.004000 	 0.003000 	0.000000 
 10 	   8 	  30 	  4 	   1 	  2 	   1 	  1 	   0 	-16 		|| 0.850 	0.150 	 0.016000 	0.004500 	 0.008000 	0.004000 	 0.003000 	0.000000 
 10 	   8 	  30 	  4 	   1 	  2 	   1 	  1 	   0 	-17 		|| 0.850 	0.150 	 0.016000 	0.004500 	 0.008000 	0.004000 	 0.003000 	0.000000 
 11 	   8 	  31 	  4 	   1 	  2 	   1 	  1 	   0 	-19 		|| 0.850 	0.153 	 0.016000 	0.004500 	 0.008000 	0.004000 	 0.003000 	0.000000 
 10 	   8 	  32 	  4 	   0 	  2 	   1 	  1 	   1 	-14 		|| 0.850 	0.156 	 0.016000 	0.000000 	 0.008000 	0.004000 	 0.003000 	0.003000 
 10 	   8 	  33 	  4 	   0 	  2 	   1 	  1 	   1 	-16 		|| 0.850 	0.159 	 0.016000 	0.000000 	 0.008000 	0.004000 	 0.003000 	0.003000 
 11 	   7 	  27 	  4 	   1 	  2 	   1 	  1 	   1 	-21 		|| 0.748 	0.141 	 0.016000 	0.004500 	 0.008000 	0.004000 	 0.003000 	0.003000 
 11 	   7 	  27 	  4 	   0 	  3 	   1 	  1 	   1 	-20 		|| 0.748 	0.141 	 0.016000 	0.000000 	 0.012000 	0.004000 	 0.003000 	0.003000 
 10 	   7 	  28 	  4 	   0 	  3 	   1 	  1 	   1 	-18 		|| 0.748 	0.144 	 0.016000 	0.000000 	 0.012000 	0.004000 	 0.003000 	0.003000 
 10 	   7 	  29 	  4 	   0 	  3 	   1 	  1 	   1 	-18 		|| 0.748 	0.147 	 0.016000 	0.000000 	 0.012000 	0.004000 	 0.003000 	0.003000 
 11 	   7 	  30 	  4 	   0 	  3 	   1 	  1 	   1 	-18 		|| 0.748 	0.150 	 0.016000 	0.000000 	 0.012000 	0.004000 	 0.003000 	0.003000 
 11 	   7 	  31 	  4 	   0 	  3 	   1 	  1 	   1 	-20 		|| 0.748 	0.153 	 0.016000 	0.000000 	 0.012000 	0.004000 	 0.003000 	0.003000 
 10 	   7 	  31 	  4 	   0 	  3 	   0 	  1 	   1 	-18 		|| 0.748 	0.153 	 0.016000 	0.000000 	 0.012000 	0.000000 	 0.003000 	0.003000 
 10 	   7 	  32 	  4 	   0 	  3 	   1 	  1 	   1 	-19 		|| 0.748 	0.156 	 0.016000 	0.000000 	 0.012000 	0.004000 	 0.003000 	0.003000 
 11 	   7 	  32 	  4 	   0 	  3 	   1 	  1 	   1 	-20 		|| 0.748 	0.156 	 0.016000 	0.000000 	 0.012000 	0.004000 	 0.003000 	0.003000 
 11 	   7 	  33 	  4 	   0 	  3 	   1 	  1 	   1 	-19 		|| 0.748 	0.159 	 0.016000 	0.000000 	 0.012000 	0.004000 	 0.003000 	0.003000 
  9 	   7 	  33 	  4 	   0 	  2 	   1 	  1 	   1 	-18 		|| 0.748 	0.159 	 0.016000 	0.000000 	 0.008000 	0.004000 	 0.003000 	0.003000 
 10 	   6 	  27 	  4 	   0 	  3 	   1 	  1 	   1 	-18 		|| 0.654 	0.141 	 0.016000 	0.000000 	 0.012000 	0.004000 	 0.003000 	0.003000 
 11 	   6 	  27 	  4 	   0 	  2 	   1 	  1 	   0 	-21 		|| 0.654 	0.141 	 0.016000 	0.000000 	 0.008000 	0.004000 	 0.003000 	0.000000 
 11 	   6 	  27 	  4 	   0 	  2 	   1 	  1 	   0 	-22 		|| 0.654 	0.141 	 0.016000 	0.000000 	 0.008000 	0.004000 	 0.003000 	0.000000 
  9 	   6 	  28 	  4 	   0 	  3 	   0 	  1 	   1 	-19 		|| 0.654 	0.144 	 0.016000 	0.000000 	 0.012000 	0.000000 	 0.003000 	0.003000 
 10 	   6 	  28 	  4 	   0 	  3 	   1 	  1 	   1 	-19 		|| 0.654 	0.144 	 0.016000 	0.000000 	 0.012000 	0.004000 	 0.003000 	0.003000 
 11 	   6 	  29 	  4 	   0 	  2 	   1 	  1 	   1 	-21 		|| 0.654 	0.147 	 0.016000 	0.000000 	 0.008000 	0.004000 	 0.003000 	0.003000 
 10 	   6 	  29 	  4 	   0 	  2 	   1 	  1 	   0 	-21 		|| 0.654 	0.147 	 0.016000 	0.000000 	 0.008000 	0.004000 	 0.003000 	0.000000 
  8 	   6 	  29 	  3 	   0 	  3 	   1 	  1 	   1 	-19 		|| 0.654 	0.147 	 0.012000 	0.000000 	 0.012000 	0.004000 	 0.003000 	0.003000 
 10 	   6 	  30 	  4 	   0 	  3 	   1 	  1 	   1 	-18 		|| 0.654 	0.150 	 0.016000 	0.000000 	 0.012000 	0.004000 	 0.003000 	0.003000 
 11 	   6 	  30 	  4 	   1 	  2 	   1 	  1 	   1 	-22 		|| 0.654 	0.150 	 0.016000 	0.004500 	 0.008000 	0.004000 	 0.003000 	0.003000 
 10 	   6 	  30 	  4 	   1 	  2 	   1 	  1 	   1 	-22 		|| 0.654 	0.150 	 0.016000 	0.004500 	 0.008000 	0.004000 	 0.003000 	0.003000 
  8 	   6 	  30 	  3 	   0 	  3 	   1 	  1 	   1 	-19 		|| 0.654 	0.150 	 0.012000 	0.000000 	 0.012000 	0.004000 	 0.003000 	0.003000 
 10 	   6 	  31 	  4 	   0 	  3 	   0 	  1 	   0 	-18 		|| 0.654 	0.153 	 0.016000 	0.000000 	 0.012000 	0.000000 	 0.003000 	0.000000 
 11 	   6 	  31 	  4 	   1 	  2 	   1 	  1 	   1 	-22 		|| 0.654 	0.153 	 0.016000 	0.004500 	 0.008000 	0.004000 	 0.003000 	0.003000 
 10 	   6 	  31 	  4 	   0 	  2 	   1 	  1 	   1 	-18 		|| 0.654 	0.153 	 0.016000 	0.000000 	 0.008000 	0.004000 	 0.003000 	0.003000 
  9 	   6 	  31 	  4 	   0 	  3 	   1 	  1 	   1 	-18 		|| 0.654 	0.153 	 0.016000 	0.000000 	 0.012000 	0.004000 	 0.003000 	0.003000 
 10 	   6 	  31 	  4 	   0 	  2 	   1 	  1 	   1 	-19 		|| 0.654 	0.153 	 0.016000 	0.000000 	 0.008000 	0.004000 	 0.003000 	0.003000 
 12 	   6 	  31 	  4 	   1 	  2 	   1 	  1 	   0 	-22 		|| 0.654 	0.153 	 0.016000 	0.004500 	 0.008000 	0.004000 	 0.003000 	0.000000 
 10 	   6 	  31 	  4 	   0 	  3 	   0 	  1 	   1 	-18 		|| 0.654 	0.153 	 0.016000 	0.000000 	 0.012000 	0.000000 	 0.003000 	0.003000 
  9 	   6 	  31 	  4 	   0 	  3 	   1 	  1 	   1 	-18 		|| 0.654 	0.153 	 0.016000 	0.000000 	 0.012000 	0.004000 	 0.003000 	0.003000 
 10 	   6 	  31 	  4 	   0 	  2 	   1 	  1 	   1 	-19 		|| 0.654 	0.153 	 0.016000 	0.000000 	 0.008000 	0.004000 	 0.003000 	0.003000 
 11 	   6 	  31 	  4 	   1 	  2 	   1 	  1 	   1 	-22 		|| 0.654 	0.153 	 0.016000 	0.004500 	 0.008000 	0.004000 	 0.003000 	0.003000 
 10 	   6 	  31 	  4 	   0 	  3 	   1 	  1 	   0 	-19 		|| 0.654 	0.153 	 0.016000 	0.000000 	 0.012000 	0.004000 	 0.003000 	0.000000 
  9 	   6 	  31 	  3 	   0 	  3 	   1 	  1 	   0 	-18 		|| 0.654 	0.153 	 0.012000 	0.000000 	 0.012000 	0.004000 	 0.003000 	0.000000 
 10 	   6 	  31 	  4 	   0 	  2 	   1 	  1 	   1 	-20 		|| 0.654 	0.153 	 0.016000 	0.000000 	 0.008000 	0.004000 	 0.003000 	0.003000 
 11 	   6 	  31 	  4 	   1 	  2 	   1 	  1 	   1 	-22 		|| 0.654 	0.153 	 0.016000 	0.004500 	 0.008000 	0.004000 	 0.003000 	0.003000 
 10 	   6 	  31 	  4 	   0 	  3 	   1 	  1 	   1 	-19 		|| 0.654 	0.153 	 0.016000 	0.000000 	 0.012000 	0.004000 	 0.003000 	0.003000 
  9 	   6 	  31 	  3 	   0 	  2 	   0 	  1 	   0 	-18 		|| 0.654 	0.153 	 0.012000 	0.000000 	 0.008000 	0.000000 	 0.003000 	0.000000 
 10 	   6 	  31 	  4 	   0 	  2 	   1 	  1 	   0 	-20 		|| 0.654 	0.153 	 0.016000 	0.000000 	 0.008000 	0.004000 	 0.003000 	0.000000 
 11 	   6 	  31 	  4 	   1 	  2 	   1 	  1 	   1 	-22 		|| 0.654 	0.153 	 0.016000 	0.004500 	 0.008000 	0.004000 	 0.003000 	0.003000 
  9 	   6 	  31 	  4 	   0 	  3 	   1 	  1 	   1 	-18 		|| 0.654 	0.153 	 0.016000 	0.000000 	 0.012000 	0.004000 	 0.003000 	0.003000 
  9 	   6 	  31 	  4 	   0 	  3 	   0 	  1 	   1 	-18 		|| 0.654 	0.153 	 0.016000 	0.000000 	 0.012000 	0.000000 	 0.003000 	0.003000 
 11 	   6 	  31 	  4 	   0 	  2 	   1 	  1 	   0 	-20 		|| 0.654 	0.153 	 0.016000 	0.000000 	 0.008000 	0.004000 	 0.003000 	0.000000 
 11 	   6 	  31 	  4 	   1 	  2 	   1 	  1 	   1 	-22 		|| 0.654 	0.153 	 0.016000 	0.004500 	 0.008000 	0.004000 	 0.003000 	0.003000 
  9 	   6 	  31 	  4 	   0 	  3 	   1 	  1 	   1 	-19 		|| 0.654 	0.153 	 0.016000 	0.000000 	 0.012000 	0.004000 	 0.003000 	0.003000 
  9 	   6 	  31 	  4 	   0 	  3 	   0 	  1 	   1 	-18 		|| 0.654 	0.153 	 0.016000 	0.000000 	 0.012000 	0.000000 	 0.003000 	0.003000 
 11 	   6 	  31 	  4 	   0 	  3 	   1 	  1 	   1 	-19 		|| 0.654 	0.153 	 0.016000 	0.000000 	 0.012000 	0.004000 	 0.003000 	0.003000 
 11 	   6 	  31 	  4 	   1 	  2 	   1 	  1 	   1 	-22 		|| 0.654 	0.153 	 0.016000 	0.004500 	 0.008000 	0.004000 	 0.003000 	0.003000 
  9 	   6 	  31 	  4 	   0 	  2 	   1 	  1 	   0 	-19 		|| 0.654 	0.153 	 0.016000 	0.000000 	 0.008000 	0.004000 	 0.003000 	0.000000 
  9 	   6 	  31 	  3 	   0 	  3 	   1 	  1 	   1 	-18 		|| 0.654 	0.153 	 0.012000 	0.000000 	 0.012000 	0.004000 	 0.003000 	0.003000 
 11 	   6 	  31 	  4 	   0 	  3 	   1 	  1 	   1 	-20 		|| 0.654 	0.153 	 0.016000 	0.000000 	 0.012000 	0.004000 	 0.003000 	0.003000 
 11 	   6 	  31 	  4 	   1 	  2 	   0 	  1 	   1 	-22 		|| 0.654 	0.153 	 0.016000 	0.004500 	 0.008000 	0.000000 	 0.003000 	0.003000 
  9 	   6 	  31 	  4 	   0 	  3 	   1 	  1 	   1 	-19 		|| 0.654 	0.153 	 0.016000 	0.000000 	 0.012000 	0.004000 	 0.003000 	0.003000 
  9 	   6 	  31 	  4 	   0 	  3 	   1 	  1 	   0 	-18 		|| 0.654 	0.153 	 0.016000 	0.000000 	 0.012000 	0.004000 	 0.003000 	0.000000 
 11 	   6 	  31 	  4 	   0 	  2 	   1 	  1 	   0 	-19 		|| 0.654 	0.153 	 0.016000 	0.000000 	 0.008000 	0.004000 	 0.003000 	0.000000 
 11 	   6 	  31 	  4 	   1 	  2 	   1 	  1 	   1 	-22 		|| 0.654 	0.153 	 0.016000 	0.004500 	 0.008000 	0.004000 	 0.003000 	0.003000 
  9 	   6 	  31 	  4 	   0 	  3 	   1 	  1 	   1 	-19 		|| 0.654 	0.153 	 0.016000 	0.000000 	 0.012000 	0.004000 	 0.003000 	0.003000 
  9 	   6 	  31 	  4 	   0 	  3 	   1 	  1 	   1 	-19 		|| 0.654 	0.153 	 0.016000 	0.000000 	 0.012000 	0.004000 	 0.003000 	0.003000 
 11 	   6 	  31 	  4 	   0 	  3 	   0 	  1 	   0 	-19 		|| 0.654 	0.153 	 0.016000 	0.000000 	 0.012000 	0.000000 	 0.003000 	0.000000 
 11 	   6 	  31 	  4 	   1 	  2 	   1 	  2 	   1 	-23 		|| 0.654 	0.153 	 0.016000 	0.004500 	 0.008000 	0.004000 	 0.006000 	0.003000 
  9 	   6 	  31 	  4 	   0 	  2 	   1 	  1 	   1 	-20 		|| 0.654 	0.153 	 0.016000 	0.000000 	 0.008000 	0.004000 	 0.003000 	0.003000 
  9 	   6 	  31 	  4 	   0 	  3 	   1 	  1 	   0 	-18 		|| 0.654 	0.153 	 0.016000 	0.000000 	 0.012000 	0.004000 	 0.003000 	0.000000 
 11 	   6 	  31 	  4 	   0 	  3 	   1 	  1 	   1 	-20 		|| 0.654 	0.153 	 0.016000 	0.000000 	 0.012000 	0.004000 	 0.003000 	0.003000 
 11 	   6 	  31 	  4 	   1 	  2 	   1 	  1 	   1 	-22 		|| 0.654 	0.153 	 0.016000 	0.004500 	 0.008000 	0.004000 	 0.003000 	0.003000 
  9 	   6 	  31 	  3 	   0 	  2 	   0 	  1 	   1 	-19 		|| 0.654 	0.153 	 0.012000 	0.000000 	 0.008000 	0.000000 	 0.003000 	0.003000 
  9 	   6 	  31 	  3 	   0 	  3 	   1 	  1 	   1 	-19 		|| 0.654 	0.153 	 0.012000 	0.000000 	 0.012000 	0.004000 	 0.003000 	0.003000 
 11 	   6 	  31 	  4 	   0 	  3 	   1 	  1 	   0 	-20 		|| 0.654 	0.153 	 0.016000 	0.000000 	 0.012000 	0.004000 	 0.003000 	0.000000 
 11 	   6 	  31 	  4 	   1 	  2 	   1 	  1 	   0 	-22 		|| 0.654 	0.153 	 0.016000 	0.004500 	 0.008000 	0.004000 	 0.003000 	0.000000 
  9 	   6 	  31 	  4 	   0 	  2 	   1 	  1 	   1 	-19 		|| 0.654 	0.153 	 0.016000 	0.000000 	 0.008000 	0.004000 	 0.003000 	0.003000 
  9 	   6 	  31 	  3 	   0 	  3 	   1 	  2 	   1 	-18 		|| 0.654 	0.153 	 0.012000 	0.000000 	 0.012000 	0.004000 	 0.006000 	0.003000 
 11 	   6 	  31 	  4 	   0 	  3 	   1 	  1 	   1 	-20 		|| 0.654 	0.153 	 0.016000 	0.000000 	 0.012000 	0.004000 	 0.003000 	0.003000 
 11 	   6 	  31 	  4 	   1 	  2 	   1 	  1 	   1 	-22 		|| 0.654 	0.153 	 0.016000 	0.004500 	 0.008000 	0.004000 	 0.003000 	0.003000 
  9 	   6 	  31 	  3 	   0 	  3 	   0 	  1 	   0 	-19 		|| 0.654 	0.153 	 0.012000 	0.000000 	 0.012000 	0.000000 	 0.003000 	0.000000 
  9 	   6 	  31 	  3 	   0 	  3 	   1 	  1 	   1 	-18 		|| 0.654 	0.153 	 0.012000 	0.000000 	 0.012000 	0.004000 	 0.003000 	0.003000 
 11 	   6 	  31 	  4 	   0 	  3 	   1 	  1 	   1 	-20 		|| 0.654 	0.153 	 0.016000 	0.000000 	 0.012000 	0.004000 	 0.003000 	0.003000 
 11 	   6 	  31 	  4 	   1 	  2 	   1 	  1 	   1 	-21 		|| 0.654 	0.153 	 0.016000 	0.004500 	 0.008000 	0.004000 	 0.003000 	0.003000 
 10 	   6 	  31 	  4 	   0 	  3 	   1 	  1 	   1 	-19 		|| 0.654 	0.153 	 0.016000 	0.000000 	 0.012000 	0.004000 	 0.003000 	0.003000 
  9 	   6 	  31 	  4 	   0 	  3 	   1 	  1 	   0 	-17 		|| 0.654 	0.153 	 0.016000 	0.000000 	 0.012000 	0.004000 	 0.003000 	0.000000 
 10 	   6 	  31 	  4 	   0 	  2 	   1 	  1 	   1 	-19 		|| 0.654 	0.153 	 0.016000 	0.000000 	 0.008000 	0.004000 	 0.003000 	0.003000 
 11 	   6 	  31 	  4 	   1 	  2 	   1 	  1 	   1 	-22 		|| 0.654 	0.153 	 0.016000 	0.004500 	 0.008000 	0.004000 	 0.003000 	0.003000 
 10 	   6 	  31 	  4 	   0 	  3 	   1 	  1 	   1 	-17 		|| 0.654 	0.153 	 0.016000 	0.000000 	 0.012000 	0.004000 	 0.003000 	0.003000 
  9 	   6 	  31 	  4 	   0 	  3 	   0 	  1 	   0 	-18 		|| 0.654 	0.153 	 0.016000 	0.000000 	 0.012000 	0.000000 	 0.003000 	0.000000 
 10 	   6 	  31 	  4 	   0 	  2 	   1 	  1 	   1 	-20 		|| 0.654 	0.153 	 0.016000 	0.000000 	 0.008000 	0.004000 	 0.003000 	0.003000 
 11 	   6 	  31 	  4 	   1 	  2 	   1 	  1 	   1 	-22 		|| 0.654 	0.153 	 0.016000 	0.004500 	 0.008000 	0.004000 	 0.003000 	0.003000 
 10 	   6 	  31 	  4 	   0 	  2 	   1 	  1 	   1 	-18 		|| 0.654 	0.153 	 0.016000 	0.000000 	 0.008000 	0.004000 	 0.003000 	0.003000 
  9 	   6 	  31 	  3 	   0 	  3 	   1 	  1 	   1 	-18 		|| 0.654 	0.153 	 0.012000 	0.000000 	 0.012000 	0.004000 	 0.003000 	0.003000 
 10 	   6 	  31 	  4 	   0 	  3 	   1 	  1 	   0 	-19 		|| 0.654 	0.153 	 0.016000 	0.000000 	 0.012000 	0.004000 	 0.003000 	0.000000 
 11 	   6 	  31 	  4 	   1 	  2 	   1 	  1 	   1 	-22 		|| 0.654 	0.153 	 0.016000 	0.004500 	 0.008000 	0.004000 	 0.003000 	0.003000 
 10 	   6 	  31 	  4 	   0 	  2 	   0 	  1 	   1 	-18 		|| 0.654 	0.153 	 0.016000 	0.000000 	 0.008000 	0.000000 	 0.003000 	0.003000 
  9 	   6 	  31 	  3 	   0 	  3 	   1 	  1 	   1 	-18 		|| 0.654 	0.153 	 0.012000 	0.000000 	 0.012000 	0.004000 	 0.003000 	0.003000 
 10 	   6 	  31 	  4 	   0 	  3 	   1 	  1 	   0 	-20 		|| 0.654 	0.153 	 0.016000 	0.000000 	 0.012000 	0.004000 	 0.003000 	0.000000 
 11 	   6 	  31 	  4 	   1 	  2 	   1 	  1 	   1 	-22 		|| 0.654 	0.153 	 0.016000 	0.004500 	 0.008000 	0.004000 	 0.003000 	0.003000 
 10 	   6 	  31 	  4 	   0 	  2 	   1 	  1 	   1 	-17 		|| 0.654 	0.153 	 0.016000 	0.000000 	 0.008000 	0.004000 	 0.003000 	0.003000 
  9 	   6 	  31 	  3 	   0 	  3 	   1 	  1 	   1 	-18 		|| 0.654 	0.153 	 0.012000 	0.000000 	 0.012000 	0.004000 	 0.003000 	0.003000 
 10 	   6 	  31 	  4 	   0 	  3 	   1 	  1 	   0 	-19 		|| 0.654 	0.153 	 0.016000 	0.000000 	 0.012000 	0.004000 	 0.003000 	0.000000 
 11 	   6 	  31 	  4 	   1 	  2 	   1 	  1 	   1 	-22 		|| 0.654 	0.153 	 0.016000 	0.004500 	 0.008000 	0.004000 	 0.003000 	0.003000 
 10 	   6 	  31 	  4 	   0 	  2 	   1 	  1 	   1 	-19 		|| 0.654 	0.153 	 0.016000 	0.000000 	 0.008000 	0.004000 	 0.003000 	0.003000 
  9 	   6 	  31 	  3 	   0 	  3 	   0 	  1 	   1 	-18 		|| 0.654 	0.153 	 0.012000 	0.000000 	 0.012000 	0.000000 	 0.003000 	0.003000 
 10 	   6 	  31 	  4 	   0 	  3 	   1 	  1 	   0 	-20 		|| 0.654 	0.153 	 0.016000 	0.000000 	 0.012000 	0.004000 	 0.003000 	0.000000 
 11 	   6 	  31 	  4 	   1 	  2 	   1 	  1 	   0 	-22 		|| 0.654 	0.153 	 0.016000 	0.004500 	 0.008000 	0.004000 	 0.003000 	0.000000 
 10 	   6 	  31 	  4 	   0 	  2 	   1 	  1 	   1 	-22 		|| 0.654 	0.153 	 0.016000 	0.000000 	 0.008000 	0.004000 	 0.003000 	0.003000 
 10 	   6 	  31 	  4 	   0 	  2 	   1 	  1 	   1 	-19 		|| 0.654 	0.153 	 0.016000 	0.000000 	 0.008000 	0.004000 	 0.003000 	0.003000 
 10 	   6 	  31 	  4 	   0 	  3 	   1 	  1 	   1 	-19 		|| 0.654 	0.153 	 0.016000 	0.000000 	 0.012000 	0.004000 	 0.003000 	0.003000 
 10 	   6 	  31 	  4 	   0 	  3 	   1 	  1 	   0 	-19 		|| 0.654 	0.153 	 0.016000 	0.000000 	 0.012000 	0.004000 	 0.003000 	0.000000 
 10 	   6 	  31 	  4 	   0 	  2 	   1 	  1 	   0 	-19 		|| 0.654 	0.153 	 0.016000 	0.000000 	 0.008000 	0.004000 	 0.003000 	0.000000 
 11 	   6 	  32 	  4 	   1 	  2 	   1 	  1 	   1 	-22 		|| 0.654 	0.156 	 0.016000 	0.004500 	 0.008000 	0.004000 	 0.003000 	0.003000 
 10 	   6 	  31 	  4 	   0 	  3 	   1 	  1 	   1 	-19 		|| 0.654 	0.153 	 0.016000 	0.000000 	 0.012000 	0.004000 	 0.003000 	0.003000 
 10 	   6 	  31 	  4 	   0 	  3 	   1 	  1 	   1 	-19 		|| 0.654 	0.153 	 0.016000 	0.000000 	 0.012000 	0.004000 	 0.003000 	0.003000 
 10 	   6 	  31 	  4 	   0 	  2 	   1 	  1 	   0 	-19 		|| 0.654 	0.153 	 0.016000 	0.000000 	 0.008000 	0.004000 	 0.003000 	0.000000 
 10 	   6 	  32 	  4 	   0 	  2 	   1 	  1 	   0 	-19 		|| 0.654 	0.156 	 0.016000 	0.000000 	 0.008000 	0.004000 	 0.003000 	0.000000 
 10 	   6 	  32 	  4 	   1 	  3 	   1 	  1 	   1 	-19 		|| 0.654 	0.156 	 0.016000 	0.004500 	 0.012000 	0.004000 	 0.003000 	0.003000 
 10 	   6 	  31 	  4 	   1 	  3 	   1 	  1 	   1 	-20 		|| 0.654 	0.153 	 0.016000 	0.004500 	 0.012000 	0.004000 	 0.003000 	0.003000 
 10 	   6 	  31 	  4 	   0 	  2 	   1 	  1 	   1 	-19 		|| 0.654 	0.153 	 0.016000 	0.000000 	 0.008000 	0.004000 	 0.003000 	0.003000 
 10 	   6 	  31 	  4 	   0 	  2 	   1 	  1 	   0 	-19 		|| 0.654 	0.153 	 0.016000 	0.000000 	 0.008000 	0.004000 	 0.003000 	0.000000 
 11 	   6 	  31 	  4 	   0 	  2 	   1 	  1 	   1 	-22 		|| 0.654 	0.153 	 0.016000 	0.000000 	 0.008000 	0.004000 	 0.003000 	0.003000 
 10 	   6 	  32 	  4 	   0 	  3 	   1 	  1 	   1 	-21 		|| 0.654 	0.156 	 0.016000 	0.000000 	 0.012000 	0.004000 	 0.003000 	0.003000 
 10 	   6 	  31 	  4 	   0 	  3 	   1 	  1 	   1 	-19 		|| 0.654 	0.153 	 0.016000 	0.000000 	 0.012000 	0.004000 	 0.003000 	0.003000 
 10 	   6 	  31 	  4 	   0 	  2 	   1 	  1 	   1 	-20 		|| 0.654 	0.153 	 0.016000 	0.000000 	 0.008000 	0.004000 	 0.003000 	0.003000 
 10 	   6 	  31 	  4 	   0 	  2 	   1 	  1 	   1 	-20 		|| 0.654 	0.153 	 0.016000 	0.000000 	 0.008000 	0.004000 	 0.003000 	0.003000 
 10 	   6 	  32 	  4 	   1 	  2 	   1 	  1 	   1 	-19 		|| 0.654 	0.156 	 0.016000 	0.004500 	 0.008000 	0.004000 	 0.003000 	0.003000 
 10 	   6 	  31 	  4 	   0 	  3 	   1 	  1 	   0 	-21 		|| 0.654 	0.153 	 0.016000 	0.000000 	 0.012000 	0.004000 	 0.003000 	0.000000 
 10 	   6 	  31 	  4 	   0 	  3 	   1 	  1 	   1 	-19 		|| 0.654 	0.153 	 0.016000 	0.000000 	 0.012000 	0.004000 	 0.003000 	0.003000 
 10 	   6 	  31 	  4 	   0 	  2 	   1 	  1 	   1 	-20 		|| 0.654 	0.153 	 0.016000 	0.000000 	 0.008000 	0.004000 	 0.003000 	0.003000 
 10 	   6 	  32 	  4 	   0 	  2 	   1 	  1 	   1 	-20 		|| 0.654 	0.156 	 0.016000 	0.000000 	 0.008000 	0.004000 	 0.003000 	0.003000 
 11 	   6 	  32 	  4 	   0 	  3 	   1 	  1 	   0 	-22 		|| 0.654 	0.156 	 0.016000 	0.000000 	 0.012000 	0.004000 	 0.003000 	0.000000 
 10 	   6 	  31 	  4 	   0 	  3 	   1 	  1 	   0 	-19 		|| 0.654 	0.153 	 0.016000 	0.000000 	 0.012000 	0.004000 	 0.003000 	0.000000 
 10 	   6 	  31 	  4 	   0 	  3 	   1 	  1 	   1 	-20 		|| 0.654 	0.153 	 0.016000 	0.000000 	 0.012000 	0.004000 	 0.003000 	0.003000 
 10 	   6 	  31 	  4 	   0 	  2 	   1 	  1 	   1 	-19 		|| 0.654 	0.153 	 0.016000 	0.000000 	 0.008000 	0.004000 	 0.003000 	0.003000 
 10 	   6 	  32 	  4 	   1 	  2 	   1 	  1 	   0 	-19 		|| 0.654 	0.156 	 0.016000 	0.004500 	 0.008000 	0.004000 	 0.003000 	0.000000 
 10 	   6 	  32 	  4 	   1 	  3 	   1 	  1 	   0 	-20 		|| 0.654 	0.156 	 0.016000 	0.004500 	 0.012000 	0.004000 	 0.003000 	0.000000 
 10 	   6 	  31 	  4 	   0 	  3 	   0 	  1 	   1 	-19 		|| 0.654 	0.153 	 0.016000 	0.000000 	 0.012000 	0.000000 	 0.003000 	0.003000 
 10 	   6 	  31 	  4 	   0 	  2 	   1 	  1 	   1 	-19 		|| 0.654 	0.153 	 0.016000 	0.000000 	 0.008000 	0.004000 	 0.003000 	0.003000 
 10 	   6 	  31 	  4 	   0 	  2 	   1 	  1 	   1 	-19 		|| 0.654 	0.153 	 0.016000 	0.000000 	 0.008000 	0.004000 	 0.003000 	0.003000 
 10 	   6 	  31 	  4 	   0 	  2 	   1 	  1 	   1 	-19 		|| 0.654 	0.153 	 0.016000 	0.000000 	 0.008000 	0.004000 	 0.003000 	0.003000 
 10 	   6 	  31 	  4 	   0 	  3 	   1 	  1 	   1 	-20 		|| 0.654 	0.153 	 0.016000 	0.000000 	 0.012000 	0.004000 	 0.003000 	0.003000 
 11 	   6 	  32 	  4 	   1 	  3 	   1 	  1 	   0 	-20 		|| 0.654 	0.156 	 0.016000 	0.004500 	 0.012000 	0.004000 	 0.003000 	0.000000 
 10 	   6 	  31 	  4 	   0 	  2 	   1 	  1 	   0 	-21 		|| 0.654 	0.153 	 0.016000 	0.000000 	 0.008000 	0.004000 	 0.003000 	0.000000 
 10 	   6 	  31 	  4 	   0 	  3 	   1 	  1 	   1 	-19 		|| 0.654 	0.153 	 0.016000 	0.000000 	 0.012000 	0.004000 	 0.003000 	0.003000 
 10 	   6 	  31 	  4 	   0 	  3 	   1 	  1 	   1 	-19 		|| 0.654 	0.153 	 0.016000 	0.000000 	 0.012000 	0.004000 	 0.003000 	0.003000 
 10 	   6 	  32 	  4 	   0 	  2 	   1 	  1 	   0 	-19 		|| 0.654 	0.156 	 0.016000 	0.000000 	 0.008000 	0.004000 	 0.003000 	0.000000 
 10 	   6 	  32 	  4 	   0 	  2 	   1 	  1 	   0 	-19 		|| 0.654 	0.156 	 0.016000 	0.000000 	 0.008000 	0.004000 	 0.003000 	0.000000 
 10 	   6 	  31 	  4 	   1 	  3 	   1 	  1 	   1 	-19 		|| 0.654 	0.153 	 0.016000 	0.004500 	 0.012000 	0.004000 	 0.003000 	0.003000 
 10 	   6 	  31 	  4 	   0 	  3 	   1 	  2 	   1 	-19 		|| 0.654 	0.153 	 0.016000 	0.000000 	 0.012000 	0.004000 	 0.006000 	0.003000 
 11 	   6 	  31 	  4 	   0 	  2 	   1 	  1 	   0 	-20 		|| 0.654 	0.153 	 0.016000 	0.000000 	 0.008000 	0.004000 	 0.003000 	0.000000 
 11 	   6 	  32 	  4 	   0 	  2 	   1 	  1 	   0 	-21 		|| 0.654 	0.156 	 0.016000 	0.000000 	 0.008000 	0.004000 	 0.003000 	0.000000 
 10 	   6 	  31 	  4 	   0 	  3 	   0 	  1 	   0 	-19 		|| 0.654 	0.153 	 0.016000 	0.000000 	 0.012000 	0.000000 	 0.003000 	0.000000 
 10 	   6 	  31 	  4 	   0 	  3 	   1 	  1 	   1 	-19 		|| 0.654 	0.153 	 0.016000 	0.000000 	 0.012000 	0.004000 	 0.003000 	0.003000 
 10 	   6 	  31 	  4 	   0 	  2 	   1 	  1 	   1 	-19 		|| 0.654 	0.153 	 0.016000 	0.000000 	 0.008000 	0.004000 	 0.003000 	0.003000 
 10 	   6 	  32 	  4 	   1 	  2 	   1 	  1 	   1 	-20 		|| 0.654 	0.156 	 0.016000 	0.004500 	 0.008000 	0.004000 	 0.003000 	0.003000 
 10 	   6 	  32 	  4 	   1 	  2 	   1 	  1 	   1 	-20 		|| 0.654 	0.156 	 0.016000 	0.004500 	 0.008000 	0.004000 	 0.003000 	0.003000 
 10 	   6 	  31 	  4 	   0 	  3 	   1 	  1 	   1 	-19 		|| 0.654 	0.153 	 0.016000 	0.000000 	 0.012000 	0.004000 	 0.003000 	0.003000 
 10 	   6 	  31 	  4 	   0 	  2 	   1 	  1 	   1 	-19 		|| 0.654 	0.153 	 0.016000 	0.000000 	 0.008000 	0.004000 	 0.003000 	0.003000 
 10 	   6 	  31 	  4 	   0 	  2 	   1 	  1 	   1 	-19 		|| 0.654 	0.153 	 0.016000 	0.000000 	 0.008000 	0.004000 	 0.003000 	0.003000 
 10 	   6 	  32 	  4 	   0 	  2 	   1 	  1 	   1 	-19 		|| 0.654 	0.156 	 0.016000 	0.000000 	 0.008000 	0.004000 	 0.003000 	0.003000 
 10 	   6 	  32 	  4 	   1 	  3 	   1 	  1 	   0 	-19 		|| 0.654 	0.156 	 0.016000 	0.004500 	 0.012000 	0.004000 	 0.003000 	0.000000 
 10 	   6 	  31 	  4 	   0 	  3 	   1 	  1 	   1 	-19 		|| 0.654 	0.153 	 0.016000 	0.000000 	 0.012000 	0.004000 	 0.003000 	0.003000 
 10 	   6 	  31 	  4 	   0 	  2 	   1 	  2 	   1 	-20 		|| 0.654 	0.153 	 0.016000 	0.000000 	 0.008000 	0.004000 	 0.006000 	0.003000 
 10 	   6 	  31 	  4 	   0 	  2 	   1 	  1 	   1 	-19 		|| 0.654 	0.153 	 0.016000 	0.000000 	 0.008000 	0.004000 	 0.003000 	0.003000 
 11 	   6 	  32 	  4 	   0 	  2 	   1 	  1 	   1 	-22 		|| 0.654 	0.156 	 0.016000 	0.000000 	 0.008000 	0.004000 	 0.003000 	0.003000 
 10 	   6 	  32 	  4 	   0 	  3 	   1 	  1 	   1 	-19 		|| 0.654 	0.156 	 0.016000 	0.000000 	 0.012000 	0.004000 	 0.003000 	0.003000 
 10 	   6 	  31 	  4 	   0 	  3 	   1 	  1 	   0 	-19 		|| 0.654 	0.153 	 0.016000 	0.000000 	 0.012000 	0.004000 	 0.003000 	0.000000 
 10 	   6 	  31 	  4 	   0 	  2 	   1 	  1 	   1 	-19 		|| 0.654 	0.153 	 0.016000 	0.000000 	 0.008000 	0.004000 	 0.003000 	0.003000 
 10 	   6 	  32 	  4 	   1 	  2 	   1 	  1 	   1 	-19 		|| 0.654 	0.156 	 0.016000 	0.004500 	 0.008000 	0.004000 	 0.003000 	0.003000 
 10 	   6 	  32 	  4 	   1 	  2 	   1 	  1 	   1 	-20 		|| 0.654 	0.156 	 0.016000 	0.004500 	 0.008000 	0.004000 	 0.003000 	0.003000 
 10 	   6 	  31 	  4 	   0 	  3 	   1 	  1 	   1 	-20 		|| 0.654 	0.153 	 0.016000 	0.000000 	 0.012000 	0.004000 	 0.003000 	0.003000 
 10 	   6 	  31 	  4 	   0 	  3 	   1 	  1 	   1 	-19 		|| 0.654 	0.153 	 0.016000 	0.000000 	 0.012000 	0.004000 	 0.003000 	0.003000 
 10 	   6 	  31 	  4 	   0 	  2 	   0 	  1 	   0 	-20 		|| 0.654 	0.153 	 0.016000 	0.000000 	 0.008000 	0.000000 	 0.003000 	0.000000 
 10 	   6 	  32 	  4 	   0 	  2 	   1 	  1 	   1 	-19 		|| 0.654 	0.156 	 0.016000 	0.000000 	 0.008000 	0.004000 	 0.003000 	0.003000 
 10 	   6 	  31 	  4 	   1 	  3 	   1 	  1 	   1 	-19 		|| 0.654 	0.153 	 0.016000 	0.004500 	 0.012000 	0.004000 	 0.003000 	0.003000 
 10 	   6 	  31 	  4 	   0 	  3 	   1 	  1 	   1 	-20 		|| 0.654 	0.153 	 0.016000 	0.000000 	 0.012000 	0.004000 	 0.003000 	0.003000 
 10 	   6 	  31 	  4 	   0 	  2 	   1 	  2 	   1 	-20 		|| 0.654 	0.153 	 0.016000 	0.000000 	 0.008000 	0.004000 	 0.006000 	0.003000 
 10 	   6 	  32 	  4 	   0 	  2 	   1 	  1 	   0 	-19 		|| 0.654 	0.156 	 0.016000 	0.000000 	 0.008000 	0.004000 	 0.003000 	0.000000 
 11 	   6 	  32 	  4 	   0 	  2 	   1 	  1 	   1 	-20 		|| 0.654 	0.156 	 0.016000 	0.000000 	 0.008000 	0.004000 	 0.003000 	0.003000 
 11 	   6 	  32 	  4 	   1 	  3 	   1 	  1 	   1 	-22 		|| 0.654 	0.156 	 0.016000 	0.004500 	 0.012000 	0.004000 	 0.003000 	0.003000 
 10 	   6 	  31 	  4 	   0 	  3 	   1 	  1 	   1 	-19 		|| 0.654 	0.153 	 0.016000 	0.000000 	 0.012000 	0.004000 	 0.003000 	0.003000 
 10 	   6 	  31 	  4 	   0 	  2 	   1 	  1 	   1 	-19 		|| 0.654 	0.153 	 0.016000 	0.000000 	 0.008000 	0.004000 	 0.003000 	0.003000 
 10 	   6 	  31 	  4 	   0 	  2 	   1 	  1 	   0 	-20 		|| 0.654 	0.153 	 0.016000 	0.000000 	 0.008000 	0.004000 	 0.003000 	0.000000 
 10 	   6 	  32 	  4 	   0 	  3 	   1 	  1 	   1 	-19 		|| 0.654 	0.156 	 0.016000 	0.000000 	 0.012000 	0.004000 	 0.003000 	0.003000 
 10 	   6 	  32 	  4 	   1 	  3 	   1 	  2 	   1 	-20 		|| 0.654 	0.156 	 0.016000 	0.004500 	 0.012000 	0.004000 	 0.006000 	0.003000 
 10 	   6 	  31 	  4 	   1 	  2 	   1 	  1 	   1 	-20 		|| 0.654 	0.153 	 0.016000 	0.004500 	 0.008000 	0.004000 	 0.003000 	0.003000 
 10 	   6 	  31 	  4 	   0 	  2 	   1 	  1 	   1 	-20 		|| 0.654 	0.153 	 0.016000 	0.000000 	 0.008000 	0.004000 	 0.003000 	0.003000 
 10 	   6 	  31 	  4 	   0 	  2 	   1 	  1 	   1 	-19 		|| 0.654 	0.153 	 0.016000 	0.000000 	 0.008000 	0.004000 	 0.003000 	0.003000 
 10 	   6 	  31 	  4 	   0 	  3 	   1 	  1 	   1 	-19 		|| 0.654 	0.153 	 0.016000 	0.000000 	 0.012000 	0.004000 	 0.003000 	0.003000 
 11 	   6 	  32 	  4 	   1 	  2 	   1 	  1 	   0 	-22 		|| 0.654 	0.156 	 0.016000 	0.004500 	 0.008000 	0.004000 	 0.003000 	0.000000 
 10 	   6 	  32 	  4 	   0 	  2 	   1 	  1 	   1 	-19 		|| 0.654 	0.156 	 0.016000 	0.000000 	 0.008000 	0.004000 	 0.003000 	0.003000 
 10 	   6 	  31 	  4 	   0 	  3 	   0 	  1 	   1 	-19 		|| 0.654 	0.153 	 0.016000 	0.000000 	 0.012000 	0.000000 	 0.003000 	0.003000 
 10 	   6 	  31 	  4 	   0 	  3 	   1 	  1 	   0 	-19 		|| 0.654 	0.153 	 0.016000 	0.000000 	 0.012000 	0.004000 	 0.003000 	0.000000 
 10 	   6 	  31 	  4 	   0 	  2 	   1 	  1 	   0 	-20 		|| 0.654 	0.153 	 0.016000 	0.000000 	 0.008000 	0.004000 	 0.003000 	0.000000 
 10 	   6 	  32 	  4 	   0 	  2 	   1 	  1 	   1 	-19 		|| 0.654 	0.156 	 0.016000 	0.000000 	 0.008000 	0.004000 	 0.003000 	0.003000 
 10 	   6 	  32 	  4 	   1 	  3 	   1 	  1 	   1 	-20 		|| 0.654 	0.156 	 0.016000 	0.004500 	 0.012000 	0.004000 	 0.003000 	0.003000 
 10 	   6 	  31 	  4 	   0 	  3 	   1 	  1 	   1 	-19 		|| 0.654 	0.153 	 0.016000 	0.000000 	 0.012000 	0.004000 	 0.003000 	0.003000 
 10 	   6 	  31 	  4 	   0 	  2 	   1 	  2 	   0 	-20 		|| 0.654 	0.153 	 0.016000 	0.000000 	 0.008000 	0.004000 	 0.006000 	0.000000 
 10 	   6 	  31 	  4 	   0 	  2 	   1 	  1 	   1 	-20 		|| 0.654 	0.153 	 0.016000 	0.000000 	 0.008000 	0.004000 	 0.003000 	0.003000 
 11 	   6 	  32 	  4 	   0 	  3 	   1 	  1 	   1 	-22 		|| 0.654 	0.156 	 0.016000 	0.000000 	 0.012000 	0.004000 	 0.003000 	0.003000 
 10 	   6 	  32 	  4 	   0 	  3 	   1 	  1 	   1 	-19 		|| 0.654 	0.156 	 0.016000 	0.000000 	 0.012000 	0.004000 	 0.003000 	0.003000 
 10 	   6 	  31 	  4 	   0 	  3 	   1 	  1 	   1 	-20 		|| 0.654 	0.153 	 0.016000 	0.000000 	 0.012000 	0.004000 	 0.003000 	0.003000 
 10 	   6 	  31 	  4 	   0 	  2 	   1 	  1 	   1 	-20 		|| 0.654 	0.153 	 0.016000 	0.000000 	 0.008000 	0.004000 	 0.003000 	0.003000 
 10 	   6 	  32 	  4 	   1 	  2 	   1 	  1 	   0 	-20 		|| 0.654 	0.156 	 0.016000 	0.004500 	 0.008000 	0.004000 	 0.003000 	0.000000 
 10 	   6 	  31 	  4 	   0 	  3 	   1 	  1 	   1 	-19 		|| 0.654 	0.153 	 0.016000 	0.000000 	 0.012000 	0.004000 	 0.003000 	0.003000 
 10 	   6 	  31 	  4 	   0 	  3 	   1 	  1 	   1 	-20 		|| 0.654 	0.153 	 0.016000 	0.000000 	 0.012000 	0.004000 	 0.003000 	0.003000 
 10 	   6 	  31 	  4 	   0 	  2 	   1 	  1 	   0 	-19 		|| 0.654 	0.153 	 0.016000 	0.000000 	 0.008000 	0.004000 	 0.003000 	0.000000 
 10 	   6 	  32 	  4 	   0 	  2 	   0 	  1 	   1 	-19 		|| 0.654 	0.156 	 0.016000 	0.000000 	 0.008000 	0.000000 	 0.003000 	0.003000 
 11 	   6 	  32 	  4 	   1 	  3 	   1 	  1 	   1 	-21 		|| 0.654 	0.156 	 0.016000 	0.004500 	 0.012000 	0.004000 	 0.003000 	0.003000 
 10 	   6 	  31 	  4 	   0 	  3 	   1 	  1 	   1 	-19 		|| 0.654 	0.153 	 0.016000 	0.000000 	 0.012000 	0.004000 	 0.003000 	0.003000 
 10 	   6 	  31 	  4 	   0 	  2 	   1 	  1 	   1 	-19 		|| 0.654 	0.153 	 0.016000 	0.000000 	 0.008000 	0.004000 	 0.003000 	0.003000 
 10 	   6 	  31 	  4 	   0 	  2 	   1 	  1 	   0 	-20 		|| 0.654 	0.153 	 0.016000 	0.000000 	 0.008000 	0.004000 	 0.003000 	0.000000 
 10 	   6 	  32 	  4 	   1 	  3 	   1 	  1 	   1 	-20 		|| 0.654 	0.156 	 0.016000 	0.004500 	 0.012000 	0.004000 	 0.003000 	0.003000 
 10 	   6 	  32 	  4 	   0 	  3 	   1 	  1 	   1 	-20 		|| 0.654 	0.156 	 0.016000 	0.000000 	 0.012000 	0.004000 	 0.003000 	0.003000 
 10 	   6 	  31 	  4 	   0 	  3 	   1 	  1 	   1 	-19 		|| 0.654 	0.153 	 0.016000 	0.000000 	 0.012000 	0.004000 	 0.003000 	0.003000 
 11 	   6 	  31 	  4 	   0 	  2 	   1 	  1 	   0 	-22 		|| 0.654 	0.153 	 0.016000 	0.000000 	 0.008000 	0.004000 	 0.003000 	0.000000 
 10 	   6 	  31 	  4 	   0 	  2 	   1 	  1 	   0 	-21 		|| 0.654 	0.153 	 0.016000 	0.000000 	 0.008000 	0.004000 	 0.003000 	0.000000 
 10 	   6 	  31 	  4 	   0 	  2 	   0 	  1 	   1 	-18 		|| 0.654 	0.153 	 0.016000 	0.000000 	 0.008000 	0.000000 	 0.003000 	0.003000 
 10 	   6 	  31 	  4 	   0 	  2 	   1 	  1 	   1 	-20 		|| 0.654 	0.153 	 0.016000 	0.000000 	 0.008000 	0.004000 	 0.003000 	0.003000 
 10 	   6 	  31 	  4 	   0 	  3 	   1 	  1 	   1 	-19 		|| 0.654 	0.153 	 0.016000 	0.000000 	 0.012000 	0.004000 	 0.003000 	0.003000 
 10 	   6 	  32 	  4 	   1 	  2 	   1 	  1 	   0 	-20 		|| 0.654 	0.156 	 0.016000 	0.004500 	 0.008000 	0.004000 	 0.003000 	0.000000 
 11 	   6 	  32 	  4 	   1 	  2 	   1 	  1 	   0 	-22 		|| 0.654 	0.156 	 0.016000 	0.004500 	 0.008000 	0.004000 	 0.003000 	0.000000 
 10 	   6 	  31 	  4 	   0 	  2 	   1 	  1 	   1 	-19 		|| 0.654 	0.153 	 0.016000 	0.000000 	 0.008000 	0.004000 	 0.003000 	0.003000 
 10 	   6 	  31 	  4 	   0 	  3 	   1 	  1 	   1 	-19 		|| 0.654 	0.153 	 0.016000 	0.000000 	 0.012000 	0.004000 	 0.003000 	0.003000 
 10 	   6 	  31 	  4 	   0 	  2 	   1 	  1 	   0 	-19 		|| 0.654 	0.153 	 0.016000 	0.000000 	 0.008000 	0.004000 	 0.003000 	0.000000 
 10 	   6 	  32 	  4 	   0 	  2 	   0 	  1 	   0 	-19 		|| 0.654 	0.156 	 0.016000 	0.000000 	 0.008000 	0.000000 	 0.003000 	0.000000 
 11 	   6 	  32 	  4 	   1 	  3 	   1 	  2 	   1 	-20 		|| 0.654 	0.156 	 0.016000 	0.004500 	 0.012000 	0.004000 	 0.006000 	0.003000 
 10 	   6 	  31 	  4 	   0 	  3 	   1 	  1 	   1 	-19 		|| 0.654 	0.153 	 0.016000 	0.000000 	 0.012000 	0.004000 	 0.003000 	0.003000 
 10 	   6 	  31 	  4 	   0 	  2 	   1 	  1 	   1 	-20 		|| 0.654 	0.153 	 0.016000 	0.000000 	 0.008000 	0.004000 	 0.003000 	0.003000 
 10 	   6 	  31 	  4 	   0 	  2 	   1 	  1 	   0 	-19 		|| 0.654 	0.153 	 0.016000 	0.000000 	 0.008000 	0.004000 	 0.003000 	0.000000 
 10 	   6 	  32 	  4 	   1 	  2 	   1 	  1 	   1 	-20 		|| 0.654 	0.156 	 0.016000 	0.004500 	 0.008000 	0.004000 	 0.003000 	0.003000 
 11 	   6 	  31 	  4 	   1 	  3 	   1 	  1 	   1 	-22 		|| 0.654 	0.153 	 0.016000 	0.004500 	 0.012000 	0.004000 	 0.003000 	0.003000 
 10 	   6 	  31 	  4 	   0 	  3 	   1 	  1 	   1 	-19 		|| 0.654 	0.153 	 0.016000 	0.000000 	 0.012000 	0.004000 	 0.003000 	0.003000 
 10 	   6 	  31 	  4 	   0 	  3 	   1 	  1 	   1 	-19 		|| 0.654 	0.153 	 0.016000 	0.000000 	 0.012000 	0.004000 	 0.003000 	0.003000 
 10 	   6 	  32 	  4 	   0 	  2 	   1 	  1 	   1 	-20 		|| 0.654 	0.156 	 0.016000 	0.000000 	 0.008000 	0.004000 	 0.003000 	0.003000 
 10 	   6 	  32 	  4 	   1 	  2 	   1 	  1 	   0 	-19 		|| 0.654 	0.156 	 0.016000 	0.004500 	 0.008000 	0.004000 	 0.003000 	0.000000 
 10 	   6 	  31 	  4 	   0 	  3 	   1 	  1 	   1 	-19 		|| 0.654 	0.153 	 0.016000 	0.000000 	 0.012000 	0.004000 	 0.003000 	0.003000 
 10 	   6 	  31 	  4 	   0 	  3 	   1 	  1 	   1 	-19 		|| 0.654 	0.153 	 0.016000 	0.000000 	 0.012000 	0.004000 	 0.003000 	0.003000 
 10 	   6 	  31 	  4 	   0 	  2 	   1 	  1 	   1 	-19 		|| 0.654 	0.153 	 0.016000 	0.000000 	 0.008000 	0.004000 	 0.003000 	0.003000 
 11 	   6 	  32 	  4 	   0 	  2 	   1 	  1 	   0 	-22 		|| 0.654 	0.156 	 0.016000 	0.000000 	 0.008000 	0.004000 	 0.003000 	0.000000 
 10 	   6 	  32 	  4 	   0 	  2 	   1 	  1 	   0 	-21 		|| 0.654 	0.156 	 0.016000 	0.000000 	 0.008000 	0.004000 	 0.003000 	0.000000 
 10 	   6 	  31 	  4 	   0 	  3 	   0 	  1 	   1 	-19 		|| 0.654 	0.153 	 0.016000 	0.000000 	 0.012000 	0.000000 	 0.003000 	0.003000 
 10 	   6 	  31 	  4 	   0 	  2 	   1 	  1 	   1 	-20 		|| 0.654 	0.153 	 0.016000 	0.000000 	 0.008000 	0.004000 	 0.003000 	0.003000 
 10 	   6 	  31 	  4 	   1 	  2 	   1 	  1 	   1 	-20 		|| 0.654 	0.153 	 0.016000 	0.004500 	 0.008000 	0.004000 	 0.003000 	0.003000 
 10 	   6 	  31 	  4 	   1 	  2 	   1 	  1 	   0 	-19 		|| 0.654 	0.153 	 0.016000 	0.004500 	 0.008000 	0.004000 	 0.003000 	0.000000 
 10 	   6 	  31 	  4 	   0 	  3 	   1 	  2 	   0 	-19 		|| 0.654 	0.153 	 0.016000 	0.000000 	 0.012000 	0.004000 	 0.006000 	0.000000 
 10 	   6 	  32 	  4 	   0 	  3 	   1 	  1 	   1 	-19 		|| 0.654 	0.156 	 0.016000 	0.000000 	 0.012000 	0.004000 	 0.003000 	0.003000 
 10 	   6 	  31 	  4 	   0 	  2 	   1 	  1 	   1 	-19 		|| 0.654 	0.153 	 0.016000 	0.000000 	 0.008000 	0.004000 	 0.003000 	0.003000 
 11 	   6 	  31 	  4 	   0 	  2 	   1 	  1 	   1 	-22 		|| 0.654 	0.153 	 0.016000 	0.000000 	 0.008000 	0.004000 	 0.003000 	0.003000 
 10 	   6 	  31 	  4 	   0 	  2 	   1 	  1 	   1 	-18 		|| 0.654 	0.153 	 0.016000 	0.000000 	 0.008000 	0.004000 	 0.003000 	0.003000 
 10 	   6 	  31 	  4 	   0 	  3 	   1 	  1 	   1 	-19 		|| 0.654 	0.153 	 0.016000 	0.000000 	 0.012000 	0.004000 	 0.003000 	0.003000 
 10 	   6 	  31 	  4 	   0 	  3 	   1 	  1 	   0 	-20 		|| 0.654 	0.153 	 0.016000 	0.000000 	 0.012000 	0.004000 	 0.003000 	0.000000 
 10 	   6 	  32 	  4 	   1 	  2 	   1 	  1 	   0 	-20 		|| 0.654 	0.156 	 0.016000 	0.004500 	 0.008000 	0.004000 	 0.003000 	0.000000 
 10 	   6 	  32 	  4 	   0 	  2 	   1 	  1 	   1 	-20 		|| 0.654 	0.156 	 0.016000 	0.000000 	 0.008000 	0.004000 	 0.003000 	0.003000 
 10 	   6 	  31 	  4 	   0 	  3 	   1 	  1 	   1 	-19 		|| 0.654 	0.153 	 0.016000 	0.000000 	 0.012000 	0.004000 	 0.003000 	0.003000 
 10 	   6 	  31 	  4 	   0 	  3 	   1 	  1 	   1 	-19 		|| 0.654 	0.153 	 0.016000 	0.000000 	 0.012000 	0.004000 	 0.003000 	0.003000 
 10 	   6 	  31 	  4 	   1 	  2 	   0 	  1 	   0 	-20 		|| 0.654 	0.153 	 0.016000 	0.004500 	 0.008000 	0.000000 	 0.003000 	0.000000 
 11 	   6 	  32 	  4 	   1 	  2 	   1 	  1 	   1 	-22 		|| 0.654 	0.156 	 0.016000 	0.004500 	 0.008000 	0.004000 	 0.003000 	0.003000 
 10 	   6 	  31 	  4 	   0 	  3 	   1 	  1 	   1 	-20 		|| 0.654 	0.153 	 0.016000 	0.000000 	 0.012000 	0.004000 	 0.003000 	0.003000 
 10 	   6 	  31 	  4 	   0 	  3 	   1 	  1 	   1 	-19 		|| 0.654 	0.153 	 0.016000 	0.000000 	 0.012000 	0.004000 	 0.003000 	0.003000 
 10 	   6 	  31 	  4 	   0 	  3 	   1 	  1 	   0 	-19 		|| 0.654 	0.153 	 0.016000 	0.000000 	 0.012000 	0.004000 	 0.003000 	0.000000 
 10 	   6 	  32 	  4 	   0 	  2 	   1 	  1 	   1 	-19 		|| 0.654 	0.156 	 0.016000 	0.000000 	 0.008000 	0.004000 	 0.003000 	0.003000 
 10 	   6 	  32 	  4 	   0 	  2 	   1 	  1 	   1 	-20 		|| 0.654 	0.156 	 0.016000 	0.000000 	 0.008000 	0.004000 	 0.003000 	0.003000 
 10 	   6 	  31 	  4 	   1 	  3 	   1 	  1 	   1 	-20 		|| 0.654 	0.153 	 0.016000 	0.004500 	 0.012000 	0.004000 	 0.003000 	0.003000 
 10 	   6 	  31 	  4 	   0 	  3 	   1 	  1 	   1 	-19 		|| 0.654 	0.153 	 0.016000 	0.000000 	 0.012000 	0.004000 	 0.003000 	0.003000 
 10 	   6 	  31 	  4 	   0 	  2 	   1 	  2 	   0 	-19 		|| 0.654 	0.153 	 0.016000 	0.000000 	 0.008000 	0.004000 	 0.006000 	0.000000 
 11 	   6 	  32 	  4 	   0 	  2 	   1 	  1 	   1 	-22 		|| 0.654 	0.156 	 0.016000 	0.000000 	 0.008000 	0.004000 	 0.003000 	0.003000 
 10 	   6 	  32 	  4 	   0 	  3 	   0 	  1 	   1 	-18 		|| 0.654 	0.156 	 0.016000 	0.000000 	 0.012000 	0.000000 	 0.003000 	0.003000 
 10 	   6 	  31 	  4 	   0 	  3 	   0 	  1 	   1 	-20 		|| 0.654 	0.153 	 0.016000 	0.000000 	 0.012000 	0.000000 	 0.003000 	0.003000 
 10 	   6 	  31 	  4 	   0 	  2 	   1 	  1 	   1 	-19 		|| 0.654 	0.153 	 0.016000 	0.000000 	 0.008000 	0.004000 	 0.003000 	0.003000 
 10 	   6 	  31 	  4 	   1 	  2 	   1 	  1 	   0 	-19 		|| 0.654 	0.153 	 0.016000 	0.004500 	 0.008000 	0.004000 	 0.003000 	0.000000 
 10 	   6 	  31 	  4 	   0 	  2 	   1 	  1 	   1 	-19 		|| 0.654 	0.153 	 0.016000 	0.000000 	 0.008000 	0.004000 	 0.003000 	0.003000 
 10 	   6 	  32 	  4 	   0 	  3 	   1 	  2 	   1 	-20 		|| 0.654 	0.156 	 0.016000 	0.000000 	 0.012000 	0.004000 	 0.006000 	0.003000 
 10 	   6 	  31 	  4 	   0 	  2 	   1 	  1 	   1 	-19 		|| 0.654 	0.153 	 0.016000 	0.000000 	 0.008000 	0.004000 	 0.003000 	0.003000 
 10 	   6 	  31 	  4 	   0 	  2 	   1 	  1 	   1 	-19 		|| 0.654 	0.153 	 0.016000 	0.000000 	 0.008000 	0.004000 	 0.003000 	0.003000 
 11 	   6 	  31 	  4 	   1 	  2 	   1 	  1 	   1 	-22 		|| 0.654 	0.153 	 0.016000 	0.004500 	 0.008000 	0.004000 	 0.003000 	0.003000 
 10 	   6 	  32 	  4 	   0 	  3 	   0 	  1 	   0 	-19 		|| 0.654 	0.156 	 0.016000 	0.000000 	 0.012000 	0.000000 	 0.003000 	0.000000 
 10 	   6 	  31 	  4 	   0 	  3 	   0 	  1 	   1 	-19 		|| 0.654 	0.153 	 0.016000 	0.000000 	 0.012000 	0.000000 	 0.003000 	0.003000 
 10 	   6 	  31 	  4 	   0 	  2 	   1 	  1 	   1 	-19 		|| 0.654 	0.153 	 0.016000 	0.000000 	 0.008000 	0.004000 	 0.003000 	0.003000 
 10 	   6 	  32 	  4 	   0 	  2 	   1 	  2 	   1 	-19 		|| 0.654 	0.156 	 0.016000 	0.000000 	 0.008000 	0.004000 	 0.006000 	0.003000 
 10 	   6 	  32 	  4 	   0 	  2 	   1 	  1 	   0 	-19 		|| 0.654 	0.156 	 0.016000 	0.000000 	 0.008000 	0.004000 	 0.003000 	0.000000 
 10 	   6 	  31 	  4 	   0 	  3 	   1 	  1 	   0 	-19 		|| 0.654 	0.153 	 0.016000 	0.000000 	 0.012000 	0.004000 	 0.003000 	0.000000 
 10 	   6 	  31 	  4 	   1 	  3 	   1 	  1 	   1 	-20 		|| 0.654 	0.153 	 0.016000 	0.004500 	 0.012000 	0.004000 	 0.003000 	0.003000 
 10 	   6 	  32 	  4 	   0 	  2 	   1 	  1 	   1 	-19 		|| 0.654 	0.156 	 0.016000 	0.000000 	 0.008000 	0.004000 	 0.003000 	0.003000 
 10 	   6 	  31 	  4 	   0 	  2 	   1 	  1 	   1 	-19 		|| 0.654 	0.153 	 0.016000 	0.000000 	 0.008000 	0.004000 	 0.003000 	0.003000 
 10 	   6 	  31 	  4 	   0 	  3 	   1 	  1 	   0 	-19 		|| 0.654 	0.153 	 0.016000 	0.000000 	 0.012000 	0.004000 	 0.003000 	0.000000 
 10 	   6 	  32 	  4 	   0 	  3 	   1 	  1 	   0 	-19 		|| 0.654 	0.156 	 0.016000 	0.000000 	 0.012000 	0.004000 	 0.003000 	0.000000 
 10 	   6 	  32 	  4 	   1 	  2 	   1 	  1 	   1 	-19 		|| 0.654 	0.156 	 0.016000 	0.004500 	 0.008000 	0.004000 	 0.003000 	0.003000 
 10 	   6 	  32 	  4 	   1 	  2 	   1 	  1 	   1 	-19 		|| 0.654 	0.156 	 0.016000 	0.004500 	 0.008000 	0.004000 	 0.003000 	0.003000 
 10 	   6 	  31 	  4 	   0 	  3 	   0 	  1 	   0 	-19 		|| 0.654 	0.153 	 0.016000 	0.000000 	 0.012000 	0.000000 	 0.003000 	0.000000 
 10 	   6 	  31 	  4 	   0 	  3 	   1 	  1 	   0 	-19 		|| 0.654 	0.153 	 0.016000 	0.000000 	 0.012000 	0.004000 	 0.003000 	0.000000 
 10 	   6 	  31 	  4 	   0 	  2 	   1 	  1 	   1 	-19 		|| 0.654 	0.153 	 0.016000 	0.000000 	 0.008000 	0.004000 	 0.003000 	0.003000 
 11 	   6 	  31 	  4 	   0 	  2 	   1 	  1 	   1 	-22 		|| 0.654 	0.153 	 0.016000 	0.000000 	 0.008000 	0.004000 	 0.003000 	0.003000 
 10 	   6 	  31 	  4 	   0 	  2 	   1 	  1 	   1 	-18 		|| 0.654 	0.153 	 0.016000 	0.000000 	 0.008000 	0.004000 	 0.003000 	0.003000 
 10 	   6 	  31 	  4 	   0 	  3 	   1 	  1 	   1 	-19 		|| 0.654 	0.153 	 0.016000 	0.000000 	 0.012000 	0.004000 	 0.003000 	0.003000 
 10 	   6 	  32 	  4 	   0 	  2 	   1 	  1 	   0 	-20 		|| 0.654 	0.156 	 0.016000 	0.000000 	 0.008000 	0.004000 	 0.003000 	0.000000 
 10 	   6 	  32 	  4 	   1 	  2 	   1 	  1 	   0 	-20 		|| 0.654 	0.156 	 0.016000 	0.004500 	 0.008000 	0.004000 	 0.003000 	0.000000 
 10 	   6 	  31 	  4 	   0 	  2 	   1 	  1 	   1 	-19 		|| 0.654 	0.153 	 0.016000 	0.000000 	 0.008000 	0.004000 	 0.003000 	0.003000 
 10 	   6 	  31 	  4 	   0 	  3 	   1 	  2 	   1 	-20 		|| 0.654 	0.153 	 0.016000 	0.000000 	 0.012000 	0.004000 	 0.006000 	0.003000 
 10 	   6 	  31 	  4 	   0 	  3 	   0 	  1 	   1 	-19 		|| 0.654 	0.153 	 0.016000 	0.000000 	 0.012000 	0.000000 	 0.003000 	0.003000 
 10 	   6 	  32 	  4 	   0 	  2 	   1 	  1 	   0 	-19 		|| 0.654 	0.156 	 0.016000 	0.000000 	 0.008000 	0.004000 	 0.003000 	0.000000 
 11 	   6 	  32 	  4 	   1 	  2 	   1 	  1 	   1 	-22 		|| 0.654 	0.156 	 0.016000 	0.004500 	 0.008000 	0.004000 	 0.003000 	0.003000 
 10 	   6 	  31 	  4 	   0 	  3 	   1 	  1 	   1 	-20 		|| 0.654 	0.153 	 0.016000 	0.000000 	 0.012000 	0.004000 	 0.003000 	0.003000 
 10 	   6 	  31 	  4 	   0 	  3 	   1 	  1 	   1 	-20 		|| 0.654 	0.153 	 0.016000 	0.000000 	 0.012000 	0.004000 	 0.003000 	0.003000 
 10 	   6 	  31 	  4 	   0 	  2 	   1 	  1 	   0 	-19 		|| 0.654 	0.153 	 0.016000 	0.000000 	 0.008000 	0.004000 	 0.003000 	0.000000 
 10 	   6 	  32 	  4 	   0 	  2 	   1 	  1 	   0 	-19 		|| 0.654 	0.156 	 0.016000 	0.000000 	 0.008000 	0.004000 	 0.003000 	0.000000 
 10 	   6 	  31 	  4 	   1 	  3 	   1 	  2 	   1 	-20 		|| 0.654 	0.153 	 0.016000 	0.004500 	 0.012000 	0.004000 	 0.006000 	0.003000 
 10 	   6 	  31 	  4 	   0 	  3 	   1 	  1 	   1 	-19 		|| 0.654 	0.153 	 0.016000 	0.000000 	 0.012000 	0.004000 	 0.003000 	0.003000 
 10 	   6 	  31 	  4 	   0 	  3 	   1 	  1 	   1 	-19 		|| 0.654 	0.153 	 0.016000 	0.000000 	 0.012000 	0.004000 	 0.003000 	0.003000 
 11 	   6 	  32 	  4 	   0 	  2 	   1 	  1 	   0 	-21 		|| 0.654 	0.156 	 0.016000 	0.000000 	 0.008000 	0.004000 	 0.003000 	0.000000 
 10 	   6 	  32 	  4 	   0 	  2 	   1 	  1 	   0 	-20 		|| 0.654 	0.156 	 0.016000 	0.000000 	 0.008000 	0.004000 	 0.003000 	0.000000 
 10 	   6 	  31 	  4 	   0 	  3 	   0 	  1 	   1 	-20 		|| 0.654 	0.153 	 0.016000 	0.000000 	 0.012000 	0.000000 	 0.003000 	0.003000 
 10 	   6 	  31 	  4 	   0 	  3 	   1 	  1 	   1 	-19 		|| 0.654 	0.153 	 0.016000 	0.000000 	 0.012000 	0.004000 	 0.003000 	0.003000 
 10 	   6 	  32 	  4 	   1 	  2 	   1 	  1 	   0 	-21 		|| 0.654 	0.156 	 0.016000 	0.004500 	 0.008000 	0.004000 	 0.003000 	0.000000 
 10 	   6 	  32 	  4 	   0 	  2 	   1 	  2 	   0 	-20 		|| 0.654 	0.156 	 0.016000 	0.000000 	 0.008000 	0.004000 	 0.006000 	0.000000 
 10 	   6 	  31 	  4 	   0 	  3 	   1 	  1 	   1 	-19 		|| 0.654 	0.153 	 0.016000 	0.000000 	 0.012000 	0.004000 	 0.003000 	0.003000 
 10 	   6 	  31 	  4 	   0 	  3 	   1 	  1 	   1 	-19 		|| 0.654 	0.153 	 0.016000 	0.000000 	 0.012000 	0.004000 	 0.003000 	0.003000 
 10 	   6 	  31 	  4 	   0 	  2 	   1 	  1 	   1 	-19 		|| 0.654 	0.153 	 0.016000 	0.000000 	 0.008000 	0.004000 	 0.003000 	0.003000 
 11 	   6 	  32 	  4 	   1 	  2 	   1 	  1 	   1 	-22 		|| 0.654 	0.156 	 0.016000 	0.004500 	 0.008000 	0.004000 	 0.003000 	0.003000 
 10 	   6 	  31 	  4 	   0 	  2 	   1 	  1 	   1 	-20 		|| 0.654 	0.153 	 0.016000 	0.000000 	 0.008000 	0.004000 	 0.003000 	0.003000 
 10 	   6 	  31 	  4 	   0 	  3 	   1 	  1 	   0 	-19 		|| 0.654 	0.153 	 0.016000 	0.000000 	 0.012000 	0.004000 	 0.003000 	0.000000 
 10 	   6 	  31 	  4 	   0 	  3 	   1 	  1 	   0 	-20 		|| 0.654 	0.153 	 0.016000 	0.000000 	 0.012000 	0.004000 	 0.003000 	0.000000 
 10 	   6 	  32 	  4 	   0 	  2 	   1 	  1 	   1 	-20 		|| 0.654 	0.156 	 0.016000 	0.000000 	 0.008000 	0.004000 	 0.003000 	0.003000 
 10 	   6 	  32 	  4 	   1 	  2 	   0 	  1 	   1 	-20 		|| 0.654 	0.156 	 0.016000 	0.004500 	 0.008000 	0.000000 	 0.003000 	0.003000 
 10 	   6 	  31 	  4 	   1 	  3 	   0 	  1 	   1 	-19 		|| 0.654 	0.153 	 0.016000 	0.004500 	 0.012000 	0.000000 	 0.003000 	0.003000 
 10 	   6 	  31 	  4 	   0 	  3 	   1 	  1 	   0 	-19 		|| 0.654 	0.153 	 0.016000 	0.000000 	 0.012000 	0.004000 	 0.003000 	0.000000 
 10 	   6 	  31 	  4 	   0 	  2 	   1 	  2 	   1 	-19 		|| 0.654 	0.153 	 0.016000 	0.000000 	 0.008000 	0.004000 	 0.006000 	0.003000 
 11 	   6 	  31 	  4 	   0 	  2 	   1 	  2 	   1 	-22 		|| 0.654 	0.153 	 0.016000 	0.000000 	 0.008000 	0.004000 	 0.006000 	0.003000 
 10 	   6 	  31 	  4 	   0 	  2 	   1 	  1 	   1 	-20 		|| 0.654 	0.153 	 0.016000 	0.000000 	 0.008000 	0.004000 	 0.003000 	0.003000 
 10 	   6 	  32 	  4 	   0 	  3 	   1 	  1 	   1 	-19 		|| 0.654 	0.156 	 0.016000 	0.000000 	 0.012000 	0.004000 	 0.003000 	0.003000 
 10 	   6 	  32 	  4 	   0 	  2 	   1 	  1 	   0 	-19 		|| 0.654 	0.156 	 0.016000 	0.000000 	 0.008000 	0.004000 	 0.003000 	0.000000 
 10 	   6 	  31 	  4 	   1 	  2 	   1 	  1 	   1 	-20 		|| 0.654 	0.153 	 0.016000 	0.004500 	 0.008000 	0.004000 	 0.003000 	0.003000 
 10 	   6 	  31 	  4 	   0 	  3 	   1 	  1 	   1 	-19 		|| 0.654 	0.153 	 0.016000 	0.000000 	 0.012000 	0.004000 	 0.003000 	0.003000 
 10 	   6 	  31 	  4 	   0 	  3 	   0 	  1 	   1 	-19 		|| 0.654 	0.153 	 0.016000 	0.000000 	 0.012000 	0.000000 	 0.003000 	0.003000 
 10 	   6 	  32 	  4 	   0 	  3 	   1 	  2 	   1 	-19 		|| 0.654 	0.156 	 0.016000 	0.000000 	 0.012000 	0.004000 	 0.006000 	0.003000 
 10 	   6 	  32 	  4 	   0 	  2 	   1 	  1 	   0 	-19 		|| 0.654 	0.156 	 0.016000 	0.000000 	 0.008000 	0.004000 	 0.003000 	0.000000 
 11 	   6 	  31 	  4 	   1 	  2 	   1 	  1 	   0 	-22 		|| 0.654 	0.153 	 0.016000 	0.004500 	 0.008000 	0.004000 	 0.003000 	0.000000 
 10 	   6 	  31 	  4 	   1 	  3 	   0 	  1 	   1 	-22 		|| 0.654 	0.153 	 0.016000 	0.004500 	 0.012000 	0.000000 	 0.003000 	0.003000 
 10 	   6 	  31 	  4 	   0 	  3 	   1 	  1 	   1 	-19 		|| 0.654 	0.153 	 0.016000 	0.000000 	 0.012000 	0.004000 	 0.003000 	0.003000 
 10 	   6 	  31 	  4 	   0 	  2 	   1 	  1 	   0 	-19 		|| 0.654 	0.153 	 0.016000 	0.000000 	 0.008000 	0.004000 	 0.003000 	0.000000 
 10 	   6 	  32 	  4 	   0 	  2 	   1 	  1 	   0 	-19 		|| 0.654 	0.156 	 0.016000 	0.000000 	 0.008000 	0.004000 	 0.003000 	0.000000 
 10 	   6 	  32 	  4 	   0 	  2 	   1 	  2 	   1 	-19 		|| 0.654 	0.156 	 0.016000 	0.000000 	 0.008000 	0.004000 	 0.006000 	0.003000 
 10 	   6 	  31 	  4 	   0 	  3 	   1 	  1 	   1 	-19 		|| 0.654 	0.153 	 0.016000 	0.000000 	 0.012000 	0.004000 	 0.003000 	0.003000 
 10 	   6 	  31 	  4 	   1 	  3 	   1 	  1 	   0 	-20 		|| 0.654 	0.153 	 0.016000 	0.004500 	 0.012000 	0.004000 	 0.003000 	0.000000 
 10 	   6 	  32 	  4 	   1 	  2 	   1 	  1 	   0 	-20 		|| 0.654 	0.156 	 0.016000 	0.004500 	 0.008000 	0.004000 	 0.003000 	0.000000 
 10 	   6 	  32 	  4 	   0 	  2 	   1 	  1 	   1 	-19 		|| 0.654 	0.156 	 0.016000 	0.000000 	 0.008000 	0.004000 	 0.003000 	0.003000 
 10 	   6 	  31 	  4 	   0 	  3 	   1 	  1 	   1 	-20 		|| 0.654 	0.153 	 0.016000 	0.000000 	 0.012000 	0.004000 	 0.003000 	0.003000 
 11 	   6 	  31 	  4 	   0 	  3 	   1 	  1 	   0 	-21 		|| 0.654 	0.153 	 0.016000 	0.000000 	 0.012000 	0.004000 	 0.003000 	0.000000 
 10 	   6 	  32 	  4 	   0 	  2 	   1 	  1 	   0 	-21 		|| 0.654 	0.156 	 0.016000 	0.000000 	 0.008000 	0.004000 	 0.003000 	0.000000 
 10 	   6 	  31 	  4 	   0 	  3 	   0 	  1 	   1 	-19 		|| 0.654 	0.153 	 0.016000 	0.000000 	 0.012000 	0.000000 	 0.003000 	0.003000 
 10 	   6 	  31 	  4 	   0 	  3 	   0 	  1 	   1 	-19 		|| 0.654 	0.153 	 0.016000 	0.000000 	 0.012000 	0.000000 	 0.003000 	0.003000 
 10 	   6 	  31 	  4 	   0 	  2 	   1 	  1 	   1 	-19 		|| 0.654 	0.153 	 0.016000 	0.000000 	 0.008000 	0.004000 	 0.003000 	0.003000 
 10 	   6 	  32 	  4 	   1 	  2 	   1 	  1 	   1 	-20 		|| 0.654 	0.156 	 0.016000 	0.004500 	 0.008000 	0.004000 	 0.003000 	0.003000 
 10 	   6 	  32 	  4 	   1 	  3 	   1 	  1 	   0 	-19 		|| 0.654 	0.156 	 0.016000 	0.004500 	 0.012000 	0.004000 	 0.003000 	0.000000 
 10 	   6 	  31 	  4 	   0 	  3 	   1 	  1 	   1 	-19 		|| 0.654 	0.153 	 0.016000 	0.000000 	 0.012000 	0.004000 	 0.003000 	0.003000 
 10 	   6 	  31 	  4 	   0 	  2 	   1 	  2 	   1 	-19 		|| 0.654 	0.153 	 0.016000 	0.000000 	 0.008000 	0.004000 	 0.006000 	0.003000 
 10 	   6 	  31 	  4 	   0 	  2 	   1 	  1 	   1 	-19 		|| 0.654 	0.153 	 0.016000 	0.000000 	 0.008000 	0.004000 	 0.003000 	0.003000 
 10 	   6 	  31 	  4 	   0 	  3 	   1 	  1 	   0 	-20 		|| 0.654 	0.153 	 0.016000 	0.000000 	 0.012000 	0.004000 	 0.003000 	0.000000 
 11 	   6 	  32 	  4 	   1 	  3 	   1 	  1 	   1 	-22 		|| 0.654 	0.156 	 0.016000 	0.004500 	 0.012000 	0.004000 	 0.003000 	0.003000 
 10 	   6 	  32 	  4 	   0 	  2 	   1 	  1 	   1 	-18 		|| 0.654 	0.156 	 0.016000 	0.000000 	 0.008000 	0.004000 	 0.003000 	0.003000 
 10 	   6 	  31 	  4 	   0 	  3 	   1 	  1 	   1 	-19 		|| 0.654 	0.153 	 0.016000 	0.000000 	 0.012000 	0.004000 	 0.003000 	0.003000 
 10 	   6 	  31 	  4 	   0 	  3 	   1 	  1 	   0 	-19 		|| 0.654 	0.153 	 0.016000 	0.000000 	 0.012000 	0.004000 	 0.003000 	0.000000 
 10 	   6 	  31 	  4 	   0 	  2 	   1 	  1 	   0 	-19 		|| 0.654 	0.153 	 0.016000 	0.000000 	 0.008000 	0.004000 	 0.003000 	0.000000 
 10 	   6 	  32 	  4 	   1 	  2 	   0 	  1 	   1 	-20 		|| 0.654 	0.156 	 0.016000 	0.004500 	 0.008000 	0.000000 	 0.003000 	0.003000 
 10 	   6 	  32 	  4 	   1 	  2 	   1 	  1 	   1 	-21 		|| 0.654 	0.156 	 0.016000 	0.004500 	 0.008000 	0.004000 	 0.003000 	0.003000 
 10 	   6 	  31 	  4 	   0 	  3 	   1 	  1 	   1 	-19 		|| 0.654 	0.153 	 0.016000 	0.000000 	 0.012000 	0.004000 	 0.003000 	0.003000 
 10 	   6 	  31 	  4 	   0 	  3 	   1 	  1 	   0 	-19 		|| 0.654 	0.153 	 0.016000 	0.000000 	 0.012000 	0.004000 	 0.003000 	0.000000 
 10 	   6 	  32 	  4 	   0 	  2 	   1 	  1 	   0 	-19 		|| 0.654 	0.156 	 0.016000 	0.000000 	 0.008000 	0.004000 	 0.003000 	0.000000 
 11 	   6 	  32 	  4 	   1 	  2 	   1 	  2 	   1 	-22 		|| 0.654 	0.156 	 0.016000 	0.004500 	 0.008000 	0.004000 	 0.006000 	0.003000 
 10 	   6 	  31 	  4 	   0 	  3 	   1 	  1 	   1 	-20 		|| 0.654 	0.153 	 0.016000 	0.000000 	 0.012000 	0.004000 	 0.003000 	0.003000 
